15072.423583984375
13243.373439788818
12118.099918365479
10871.414276123047
10283.422065734863
9843.234371185303
9658.483318328857
9423.218734741211
9070.953828811646
8786.897256851196
8662.244562149048
8536.544984817505
8335.820238113403
8329.265718460083
8307.761346817017
8279.018655776978
8279.018655776978
8194.64037513733
8130.802560806274
8130.802560806274
8123.296991348267
8105.523317337036
8105.523317337036
8099.997926712036
8099.997926712036
8099.997926712036
8099.997926712036
8096.935625076294
8096.935625076294
8087.56263923645
8087.56263923645
8079.06671333313
8077.928792953491
8077.928792953491
8077.928792953491
8077.928792953491
8077.928792953491
8077.928792953491
8077.928792953491
8077.928792953491
8077.928792953491
8077.928792953491
8070.853708267212
8070.853708267212
8070.853708267212
8070.853708267212
8070.853708267212
8070.853708267212
8070.853708267212
8070.853708267212
