14464.690912246704
12818.957134246826
11967.596050262451
11186.161930084229
9973.969709396362
9557.915040969849
9250.003423690796
8928.117769241333
8699.915491104126
8466.852216720581
8298.739015579224
8214.173784255981
8148.434892654419
7918.651823043823
7913.126432418823
7905.971784591675
7905.971784591675
7886.648809432983
7883.586507797241
7883.586507797241
7836.551748275757
7836.551748275757
7836.551748275757
7797.380208969116
7795.9225063323975
7774.418134689331
7774.418134689331
7774.418134689331
7756.549222946167
7748.336217880249
7748.336217880249
7748.336217880249
7748.336217880249
7748.336217880249
7748.336217880249
7748.336217880249
7748.336217880249
7748.336217880249
7748.336217880249
7748.336217880249
7748.336217880249
7748.336217880249
7748.336217880249
7748.336217880249
7748.336217880249
7748.336217880249
7748.336217880249
7748.336217880249
7748.336217880249
7748.336217880249
