15012.875164031982
12839.301044464111
11759.263050079346
10807.021156311035
9781.609552383423
9528.785177230835
9226.369649887085
8850.164730072021
8646.891748428345
8517.321619033813
8505.160409927368
8294.80705833435
8294.80705833435
8216.894819259644
8216.894819259644
8068.999773025513
8067.058740615845
8067.058740615845
8067.058740615845
8049.547067642212
8040.079103469849
8025.671785354614
8004.167413711548
7998.146150588989
7998.146150588989
7998.146150588989
7998.146150588989
7947.361497879028
7947.361497879028
7947.361497879028
7947.361497879028
7947.361497879028
7935.038576126099
7935.038576126099
7935.038576126099
7935.038576126099
7935.038576126099
7935.038576126099
7935.038576126099
7935.038576126099
7935.038576126099
7935.038576126099
7935.038576126099
7935.038576126099
7935.038576126099
7935.038576126099
7935.038576126099
7935.038576126099
7935.038576126099
7935.038576126099
