15422.725074768066
13067.95378112793
11877.833595275879
11286.710159301758
10635.800746917725
9890.14176940918
9430.474159240723
8904.948612213135
8555.243595123291
8384.529607772827
8358.269845962524
8353.183210372925
8301.54627418518
8252.705240249634
8252.705240249634
8244.880250930786
8217.522100448608
8217.522100448608
8207.993097305298
8207.993097305298
8193.651651382446
8193.651651382446
8186.497003555298
8186.497003555298
8186.497003555298
8186.497003555298
8186.497003555298
8186.497003555298
8186.497003555298
8186.497003555298
8172.828866958618
8172.828866958618
8172.828866958618
8172.828866958618
8172.828866958618
8172.828866958618
8172.828866958618
8172.828866958618
8172.828866958618
8172.828866958618
8172.828866958618
8172.828866958618
8172.828866958618
8172.828866958618
8172.828866958618
8172.828866958618
8172.828866958618
8172.828866958618
8172.828866958618
8172.828866958618
