15292.650115966797
13109.86022567749
10572.39525794983
10487.750791549683
10459.054117202759
10320.559736251831
9662.459077835083
8558.017700195312
8386.396745681763
8188.463274002075
8155.4744663238525
8070.05775642395
7989.4678592681885
7972.430086135864
7972.430086135864
7972.430086135864
7972.430086135864
7972.430086135864
7972.430086135864
7972.430086135864
7972.430086135864
7972.430086135864
7972.430086135864
7972.430086135864
7972.430086135864
7972.430086135864
7972.430086135864
7972.430086135864
7972.430086135864
7972.430086135864
7972.430086135864
7972.430086135864
7972.430086135864
7972.430086135864
7972.430086135864
7972.430086135864
7972.430086135864
7972.430086135864
7972.430086135864
7972.430086135864
7972.430086135864
7972.430086135864
7972.430086135864
7972.430086135864
7972.430086135864
7972.430086135864
7972.430086135864
7972.430086135864
7972.430086135864
7972.430086135864
