13670.389739990234
11574.68543624878
11044.674182891846
10495.442909240723
9587.521709442139
9316.929229736328
9139.083969116211
8851.636194229126
8420.34435081482
8236.817472457886
8216.776201248169
8186.436693191528
8149.025556564331
8149.025556564331
8149.025556564331
8055.4430294036865
8032.976110458374
8028.34930229187
7963.182737350464
7963.182737350464
7771.750242233276
7771.750242233276
7758.064649581909
7758.064649581909
7758.064649581909
7758.064649581909
7758.064649581909
7705.319150924683
7586.650968551636
7563.688894271851
7544.365919113159
7544.365919113159
7544.365919113159
7544.365919113159
7544.365919113159
7544.365919113159
7544.365919113159
7544.365919113159
7544.365919113159
7544.365919113159
7544.365919113159
7544.365919113159
7544.365919113159
7544.365919113159
7544.365919113159
7544.365919113159
7544.365919113159
7544.365919113159
7544.365919113159
7544.365919113159
