15093.727485656738
13129.76598739624
12332.35050201416
11265.498317718506
10343.024988174438
9984.034746170044
9648.57396888733
9361.440149307251
9238.637575149536
9233.550939559937
9063.225908279419
8908.337495803833
8819.426652908325
8819.426652908325
8722.548299789429
8694.269437789917
8615.2493724823
8615.2493724823
8583.678022384644
8582.17500114441
8582.17500114441
8582.17500114441
8423.446615219116
8416.154863357544
8416.154863357544
8391.387956619263
8391.387956619263
8391.387956619263
8248.997735977173
8225.50926399231
8185.671335220337
8137.172998428345
8137.172998428345
8074.534147262573
8074.534147262573
7933.590566635132
7844.248491287231
7798.380949020386
7606.948453903198
7602.036237716675
7544.365919113159
7544.365919113159
7544.365919113159
7544.365919113159
7544.365919113159
7544.365919113159
7544.365919113159
7544.365919113159
7544.365919113159
7544.365919113159
