15564.421426773071
12040.786712646484
10884.28074836731
10240.722578048706
10066.254331588745
10002.124891281128
9447.510850906372
9374.653902053833
9205.728967666626
9059.59541130066
8871.834836959839
8707.185361862183
8707.185361862183
8704.461851119995
8668.008962631226
8608.979734420776
8511.847343444824
8408.126462936401
8400.406881332397
8400.406881332397
8377.887170791626
8358.144411087036
8358.144411087036
8358.144411087036
8352.461862564087
8287.096193313599
8287.096193313599
8287.096193313599
8284.699899673462
8284.699899673462
8271.937372207642
8271.937372207642
8271.937372207642
8271.937372207642
8271.937372207642
8271.937372207642
8271.937372207642
8271.937372207642
8271.937372207642
8271.937372207642
8271.937372207642
8261.805055618286
8261.805055618286
8261.805055618286
8261.805055618286
8261.805055618286
8261.805055618286
8260.992765426636
8254.899599075317
8254.899599075317
