14699.529769897461
12997.628936767578
11265.394466400146
10247.97061920166
9871.629014968872
9298.104541778564
8409.035572052002
8274.322298049927
7951.699113845825
7925.732976913452
7854.045644760132
7840.636110305786
7818.193742752075
7796.689371109009
7796.689371109009
7777.02854347229
7777.02854347229
7777.02854347229
7777.02854347229
7777.02854347229
7777.02854347229
7777.02854347229
7777.02854347229
7777.02854347229
7777.02854347229
7777.02854347229
7777.02854347229
7777.02854347229
7777.02854347229
7759.02345085144
7631.30259513855
7631.30259513855
7631.30259513855
7606.948453903198
7606.948453903198
7606.948453903198
7602.036237716675
7602.036237716675
7544.365919113159
7544.365919113159
7544.365919113159
7544.365919113159
7544.365919113159
7544.365919113159
7544.365919113159
7544.365919113159
7544.365919113159
7544.365919113159
7544.365919113159
7544.365919113159
