15131.356773376465
12166.312763214111
10340.52435874939
8597.670324325562
8425.965915679932
8271.306491851807
8205.4452419281
8012.769021987915
7882.209627151489
7882.209627151489
7882.209627151489
7882.209627151489
7882.209627151489
7882.209627151489
7865.118906021118
7865.118906021118
7865.118906021118
7865.118906021118
7865.118906021118
7865.118906021118
7865.118906021118
7865.118906021118
7865.118906021118
7865.118906021118
7865.118906021118
7865.118906021118
7865.118906021118
7865.118906021118
7865.118906021118
7865.118906021118
7797.284372329712
7797.284372329712
7797.284372329712
7797.284372329712
7797.284372329712
7797.284372329712
7797.284372329712
7797.284372329712
7797.284372329712
7797.284372329712
7797.284372329712
7797.284372329712
7797.284372329712
7797.284372329712
7797.284372329712
7797.284372329712
7797.284372329712
7797.284372329712
7797.284372329712
7797.284372329712
