15818.657363891602
13880.948152542114
12149.164426803589
11268.256898880005
10697.826501846313
10488.573682785034
10141.908721923828
9732.695796966553
9091.953859329224
8631.814140319824
8567.305099487305
8548.018020629883
8514.046920776367
8455.432697296143
8433.05714225769
8425.888856887817
8116.369211196899
7981.830995559692
7930.587207794189
7837.107593536377
7837.107593536377
7795.082180023193
7777.2995891571045
7777.2995891571045
7777.2995891571045
7652.409284591675
7625.395227432251
7625.395227432251
7598.442358016968
7598.442358016968
7598.442358016968
7598.442358016968
7598.442358016968
7598.442358016968
7598.442358016968
7598.442358016968
7598.442358016968
7598.442358016968
7598.442358016968
7598.442358016968
7598.442358016968
7598.442358016968
7598.442358016968
7598.442358016968
7598.442358016968
7598.442358016968
7598.442358016968
7598.442358016968
7598.442358016968
7598.442358016968
