15626.535221099854
12842.49669265747
11891.022560119629
11096.816158294678
10730.506511688232
10499.377891540527
10155.548704147339
9732.532804489136
9497.667501449585
9201.686193466187
9166.551530838013
8826.211534500122
8750.291604995728
8750.291604995728
8660.48833656311
8581.87399482727
8309.658414840698
8064.783624649048
8045.187479019165
7977.9384479522705
7977.9384479522705
7977.9384479522705
7950.556325912476
7950.556325912476
7950.556325912476
7950.556325912476
7950.556325912476
7950.556325912476
7950.556325912476
7950.556325912476
7931.457769393921
7931.457769393921
7931.457769393921
7856.670583724976
7856.670583724976
7856.670583724976
7856.670583724976
7856.670583724976
7856.670583724976
7856.670583724976
7856.670583724976
7856.670583724976
7830.375692367554
7830.375692367554
7817.030736923218
7817.030736923218
7800.488012313843
7800.488012313843
7800.488012313843
7800.488012313843
