17008.728485107422
12961.675148010254
11953.785469055176
10965.412906646729
10508.841146469116
9975.602960586548
9752.445268630981
9484.416315078735
8804.778064727783
8636.363451004028
8377.584432601929
8259.319761276245
8141.013463973999
8108.715761184692
8108.461378097534
8108.461378097534
8108.461378097534
8108.461378097534
8103.665021896362
8068.94708442688
8051.242467880249
8031.237562179565
8031.237562179565
8031.237562179565
8031.237562179565
8031.237562179565
8031.237562179565
8008.313547134399
8008.313547134399
8008.313547134399
8008.313547134399
8008.313547134399
8008.313547134399
8008.313547134399
8008.313547134399
8008.313547134399
8008.313547134399
8008.313547134399
8008.313547134399
8008.313547134399
8008.313547134399
8008.313547134399
8008.313547134399
8008.313547134399
8008.313547134399
8008.313547134399
8008.313547134399
8008.313547134399
8008.313547134399
8008.313547134399
