15897.184963226318
13697.605152130127
12661.15411567688
11740.30467414856
11168.93217086792
10668.589054107666
10128.093761444092
9485.697067260742
9131.262851715088
8942.1735496521
8853.7759475708
8720.310470581055
8668.448318481445
8564.52912902832
8489.209789276123
8483.095439910889
8463.60818862915
8323.243968963623
8310.27103805542
8224.534440994263
8126.32879447937
8050.974348068237
8026.207441329956
8019.068418502808
8019.068418502808
8019.068418502808
8019.068418502808
8019.068418502808
8019.068418502808
8019.068418502808
8019.068418502808
8019.068418502808
8019.068418502808
8019.068418502808
8019.068418502808
8019.068418502808
8019.068418502808
8019.068418502808
8019.068418502808
8019.068418502808
8019.068418502808
8014.080347061157
8014.080347061157
8014.080347061157
8014.080347061157
8014.080347061157
8014.080347061157
8014.080347061157
8014.080347061157
8014.080347061157
