15354.646770477295
13775.061000823975
13094.101287841797
12127.804586410522
11525.56588935852
10758.682020187378
10558.147520065308
10327.028554916382
9998.479881286621
9460.391231536865
9380.761972427368
9265.56826210022
9265.56826210022
9033.135927200317
8955.014253616333
8955.014253616333
8875.945100784302
8660.361478805542
8511.838800430298
8492.675706863403
8252.488206863403
8205.469072341919
8174.560125350952
8110.101774215698
8110.101774215698
8110.101774215698
8110.101774215698
8110.101774215698
8083.8420124053955
8083.8420124053955
8083.8420124053955
8044.670473098755
8044.670473098755
8044.670473098755
8044.670473098755
8044.670473098755
8044.670473098755
8044.670473098755
8044.670473098755
8044.670473098755
8044.670473098755
8033.570459365845
8033.570459365845
8033.570459365845
8033.570459365845
8033.570459365845
8033.570459365845
8033.570459365845
8033.570459365845
8033.570459365845
