14491.514221191406
12345.614936828613
12050.675464630127
11745.479015350342
11191.339881896973
10914.131332397461
10329.184452056885
9806.8688621521
9698.641284942627
9437.399360656738
9412.61137008667
9343.067665100098
9292.345523834229
9174.901168823242
8912.241172790527
8774.993198394775
8761.5093460083
8708.448722839355
8708.448722839355
8671.20604133606
8617.778017044067
8582.598733901978
8582.598733901978
8451.94967842102
8451.94967842102
8451.94967842102
8451.94967842102
8451.94967842102
8451.94967842102
8451.94967842102
8451.94967842102
8451.94967842102
8432.288850784302
8425.149827957153
8425.149827957153
8425.149827957153
8425.149827957153
8425.149827957153
8425.149827957153
8425.149827957153
8425.149827957153
8425.149827957153
8425.149827957153
8425.149827957153
8425.149827957153
8425.149827957153
8425.149827957153
8425.149827957153
8302.294221878052
8302.294221878052
