15581.868515014648
12952.948440551758
12161.905584335327
11610.338283538818
10784.155612945557
10356.74910736084
10098.33486366272
9600.441122055054
9502.323196411133
9426.188919067383
9216.867408752441
9205.382972717285
9157.665958404541
8989.37576675415
8989.37576675415
8989.37576675415
8905.93489074707
8860.59708404541
8843.085411071777
8758.880569458008
8636.174541473389
8634.065059661865
8514.432792663574
8271.994956970215
7892.787225723267
7840.730730056763
7821.407754898071
7821.407754898071
7821.407754898071
7778.0579624176025
7778.0579624176025
7778.0579624176025
7778.0579624176025
7778.0579624176025
7778.0579624176025
7778.0579624176025
7778.0579624176025
7778.0579624176025
7778.0579624176025
7778.0579624176025
7778.0579624176025
7778.0579624176025
7778.0579624176025
7778.0579624176025
7778.0579624176025
7778.0579624176025
7778.0579624176025
7778.0579624176025
7778.0579624176025
7778.0579624176025
