16384.95899581909
13010.164798736572
12359.373474121094
11889.81213760376
11601.61805343628
11350.815368652344
10891.721168518066
10464.001346588135
10338.228374481201
10047.632486343384
9321.662855148315
9165.11354637146
9133.06934928894
9133.06934928894
8955.72345161438
8918.9492893219
8689.033460617065
8604.182424545288
8438.874620437622
8286.81085395813
8258.037939071655
8185.528310775757
8127.46502494812
8127.46502494812
8100.361265182495
8100.361265182495
8075.288290023804
8075.288290023804
8075.288290023804
8075.288290023804
8075.288290023804
8075.288290023804
8075.288290023804
8068.149267196655
8068.149267196655
8068.149267196655
8068.149267196655
8068.149267196655
8068.149267196655
8058.7762813568115
8058.7762813568115
8058.7762813568115
8058.7762813568115
8053.2508907318115
8053.2508907318115
8053.2508907318115
8053.2508907318115
8048.262819290161
8048.262819290161
8048.262819290161
