14380.85850906372
12944.77666091919
10993.003477096558
10700.504583358765
10378.403150558472
9992.826162338257
9708.969995498657
9664.788305282593
9085.104656219482
8991.014743804932
8882.88245010376
8787.799236297607
8704.186653137207
8703.767501831055
8655.003553390503
8651.95150566101
8595.703462600708
8487.064622879028
8487.064622879028
8415.158143997192
8415.158143997192
8415.158143997192
8411.952642440796
8400.334085464478
8393.259000778198
8393.259000778198
8312.789266586304
8293.690710067749
8115.019769668579
8115.019769668579
8032.932321548462
8032.932321548462
8028.633337020874
8028.633337020874
8013.93182182312
8013.93182182312
8013.93182182312
8013.93182182312
8013.93182182312
8013.93182182312
8013.93182182312
8013.93182182312
8013.93182182312
8013.93182182312
8013.93182182312
8013.93182182312
8013.93182182312
8013.93182182312
8013.93182182312
8013.93182182312
