14960.327018737793
13129.600177764893
12117.552387237549
11149.075374603271
10428.650955200195
10047.609935760498
9082.43553352356
8753.252897262573
8732.517568588257
8365.983304977417
8365.983304977417
8365.983304977417
8321.543531417847
8274.679319381714
8274.679319381714
8193.265203475952
8193.265203475952
8193.265203475952
8193.265203475952
8193.265203475952
8193.265203475952
8171.958662033081
8154.253171920776
8154.253171920776
8154.253171920776
8154.253171920776
8154.253171920776
8154.253171920776
8142.814443588257
8142.814443588257
8142.814443588257
8142.814443588257
8142.814443588257
8142.814443588257
8142.814443588257
8017.51361656189
8017.51361656189
8015.000337600708
7993.450651168823
7988.823843002319
7967.586965560913
7967.586965560913
7967.586965560913
7945.120046615601
7945.120046615601
7945.120046615601
7945.120046615601
7945.120046615601
7945.120046615601
7945.120046615601
