15507.140977859497
13226.369644165039
12367.69160270691
11502.445718765259
10997.648231506348
10195.941631317139
9990.317598342896
9711.581983566284
9711.581983566284
9626.653188705444
9368.650365829468
9296.562307357788
8968.108503341675
8941.07915687561
8848.595087051392
8534.131391525269
8480.763818740845
8435.4541721344
8435.4541721344
8435.4541721344
8382.937105178833
8382.937105178833
8382.937105178833
8382.937105178833
8382.937105178833
8382.937105178833
8382.937105178833
8355.833345413208
8355.833345413208
8354.223932266235
8279.055788040161
8279.055788040161
8279.055788040161
8279.055788040161
8199.681993484497
8199.681993484497
8199.681993484497
8199.681993484497
8199.681993484497
8199.681993484497
8199.681993484497
8199.681993484497
8199.681993484497
8199.681993484497
8199.681993484497
8192.185747146606
8192.185747146606
8192.185747146606
8192.185747146606
8192.185747146606
