14920.33888
14488.32866
13493.56167
11979.34162
10989.09065
10713.31366
10501.28584
10036.79512
10036.68428
9691.345581
9388.57769
9276.806602
9069.926702
9032.935007
8885.403288
8885.403288
8745.724554
8665.435099
8557.314264
8504.703749
8496.878759
8496.878759
8496.878759
8496.878759
8459.350683
8459.350683
8406.341955
8331.701483
8331.701483
8331.701483
8323.488478
8323.488478
8323.488478
8323.488478
8323.488478
8323.488478
8315.992231
8315.992231
8315.992231
8315.992231
8315.992231
8315.992231
8315.992231
8315.992231
8315.992231
8315.992231
8315.992231
8315.992231
8315.992231
8315.992231
