15230.55277633667
13460.106590270996
12479.559576034546
12119.172464370728
11363.104434967041
10595.14200592041
10026.060159683228
9887.303400039673
9364.12031364441
9311.630460739136
9132.749620437622
8947.012704849243
8846.773027420044
8794.113145828247
8794.113145828247
8763.02562904358
8679.496885299683
8635.261121749878
8564.880167007446
8564.880167007446
8510.725816726685
8503.812005996704
8482.307634353638
8482.307634353638
8482.307634353638
8482.307634353638
8482.307634353638
8482.307634353638
8482.307634353638
8482.307634353638
8482.307634353638
8482.307634353638
8482.307634353638
8482.307634353638
8424.43821144104
8424.43821144104
8424.43821144104
8424.43821144104
8424.43821144104
8424.43821144104
8416.94196510315
8416.94196510315
8416.94196510315
8416.94196510315
8401.887559890747
8401.887559890747
8401.887559890747
8401.887559890747
8401.887559890747
8401.887559890747
