16145.140235900879
13283.687927246094
12314.488319396973
11199.115348815918
10403.97936630249
9926.40037727356
9747.966423034668
9471.498359680176
9351.026062011719
9330.57272720337
8864.201530456543
8817.366550445557
8704.679727554321
8460.523359298706
8312.679239273071
8289.421964645386
8241.527513504028
8230.61622428894
8230.48790550232
8230.48790550232
8160.402715682983
8156.523359298706
8156.523359298706
8156.523359298706
8148.732732772827
8055.539716720581
8055.539716720581
8055.539716720581
8040.096097946167
8040.096097946167
8001.396467208862
8001.396467208862
8001.396467208862
8001.396467208862
8001.396467208862
8001.396467208862
7997.517110824585
7894.301904678345
7894.301904678345
7894.301904678345
7894.301904678345
7894.301904678345
7894.301904678345
7894.301904678345
7894.301904678345
7894.301904678345
7894.301904678345
7894.301904678345
7894.301904678345
7894.301904678345
