14838.644500732422
13717.434455871582
12396.090377807617
11434.293785095215
10786.196727752686
10374.183208465576
10338.591075897217
9819.414600372314
9648.081384658813
9045.344829559326
8994.908889770508
8990.282081604004
8928.16431427002
8401.048057556152
8283.730628967285
8276.438877105713
8215.628009796143
8205.67728805542
8205.67728805542
8111.989675521851
8111.989675521851
8111.989675521851
8107.362867355347
8107.362867355347
8107.362867355347
8107.362867355347
8107.362867355347
8107.362867355347
8085.85849571228
8085.85849571228
8085.85849571228
8085.85849571228
8085.85849571228
8085.85849571228
8085.85849571228
8085.85849571228
8085.85849571228
8085.85849571228
8085.85849571228
8085.85849571228
8070.991994857788
8070.991994857788
8070.991994857788
8070.991994857788
8070.991994857788
8070.991994857788
8070.991994857788
8070.991994857788
8070.991994857788
8070.991994857788
