16690.504417419434
13832.971897125244
11942.036678314209
11371.296829223633
10871.708637237549
10382.098896026611
9809.65616607666
9619.311195373535
9566.689025878906
9185.957607269287
9134.695121765137
8762.594745635986
8283.592195510864
8119.055246353149
8082.5035190582275
8060.999147415161
8003.74273109436
7959.800119400024
7931.166597366333
7918.4363079071045
7918.4363079071045
7906.300035476685
7906.300035476685
7880.66229057312
7880.66229057312
7761.7478885650635
7761.7478885650635
7761.7478885650635
7718.709543228149
7708.634836196899
7646.246831893921
7641.620023727417
7619.1531047821045
7619.1531047821045
7619.1531047821045
7619.1531047821045
7544.365919113159
7544.365919113159
7544.365919113159
7544.365919113159
7544.365919113159
7544.365919113159
7544.365919113159
7544.365919113159
7544.365919113159
7544.365919113159
7544.365919113159
7544.365919113159
7544.365919113159
7544.365919113159
