14530.041381835938
13686.154735565186
12116.186292648315
11170.733406066895
10152.893535614014
10115.175052642822
9545.572521209717
8989.601051330566
8598.485996246338
8496.135431289673
8477.036874771118
8436.24168586731
8436.24168586731
8352.252031326294
8324.224229812622
8297.861135482788
8257.022817611694
8257.022817611694
8195.257863998413
8161.209119796753
8082.203237533569
8082.203237533569
8082.203237533569
8082.203237533569
8082.203237533569
7914.190961837769
7864.561674118042
7744.654203414917
7686.983884811401
7686.983884811401
7682.3570766448975
7682.3570766448975
7682.3570766448975
7682.3570766448975
7682.3570766448975
7682.3570766448975
7682.3570766448975
7682.3570766448975
7682.3570766448975
7682.3570766448975
7682.3570766448975
7544.365919113159
7544.365919113159
7544.365919113159
7544.365919113159
7544.365919113159
7544.365919113159
7544.365919113159
7544.365919113159
7544.365919113159
