15006.18384552002
13861.554019927979
12669.063179016113
11902.996669769287
11243.326259613037
11080.19511795044
10588.831161499023
9731.056186676025
8825.024475097656
8664.851684570312
8575.296924591064
8468.769540786743
8468.769540786743
8377.247201919556
8377.247201919556
8211.080141067505
8116.070589065552
8116.070589065552
8090.432844161987
8090.432844161987
8090.432844161987
8090.432844161987
7986.513654708862
7911.726469039917
7911.726469039917
7900.691194534302
7900.691194534302
7848.069025039673
7797.284372329712
7797.284372329712
7797.284372329712
7797.284372329712
7797.284372329712
7797.284372329712
7797.284372329712
7797.284372329712
7797.284372329712
7797.284372329712
7797.284372329712
7797.284372329712
7797.284372329712
7797.284372329712
7797.284372329712
7797.284372329712
7797.284372329712
7797.284372329712
7797.284372329712
7797.284372329712
7797.284372329712
7797.284372329712
