16036.856990814209
13195.662664413452
11826.7656955719
11211.413869857788
10613.378234863281
10050.032611846924
9411.739971160889
8774.759986877441
8636.864562988281
8557.979364395142
8557.979364395142
8500.7750415802
8430.915441513062
8400.479787826538
8360.626546859741
8200.537805557251
8163.847803115845
8074.0445346832275
8073.769815444946
7956.67848777771
7956.67848777771
7956.67848777771
7921.9605503082275
7859.910844802856
7859.910844802856
7859.910844802856
7859.910844802856
7859.910844802856
7859.910844802856
7859.910844802856
7859.910844802856
7859.910844802856
7859.910844802856
7859.910844802856
7859.910844802856
7859.910844802856
7859.910844802856
7859.910844802856
7859.910844802856
7859.910844802856
7859.910844802856
7859.910844802856
7859.910844802856
7859.910844802856
7859.910844802856
7859.910844802856
7859.910844802856
7859.910844802856
7859.910844802856
7859.910844802856
