15524.606948852539
13681.032939910889
11464.72091293335
10697.882293701172
9827.581741333008
9354.955078125
9105.97469329834
8768.545360565186
8361.603816986084
7982.52193069458
7963.198955535889
7963.198955535889
7963.198955535889
7948.880289077759
7948.880289077759
7899.363458633423
7875.77049446106
7875.77049446106
7875.77049446106
7875.77049446106
7875.77049446106
7875.77049446106
7875.77049446106
7875.77049446106
7875.77049446106
7875.77049446106
7875.77049446106
7875.77049446106
7875.77049446106
7875.77049446106
7875.77049446106
7875.77049446106
7875.77049446106
7875.77049446106
7875.77049446106
7875.77049446106
7875.77049446106
7875.77049446106
7875.77049446106
7875.77049446106
7875.77049446106
7875.77049446106
7875.77049446106
7875.77049446106
7848.817625045776
7848.817625045776
7848.817625045776
7848.817625045776
7848.817625045776
7848.817625045776
