15838.913860321045
13807.8695602417
12555.91191482544
11947.6928024292
11689.971590042114
11207.975902557373
9966.438255310059
9547.810153961182
9328.585205078125
9095.354434967041
9044.76650428772
8988.62013053894
8870.418069839478
8829.931547164917
8770.983739852905
8567.957540512085
8567.446088790894
8290.108541488647
8264.715810775757
8142.009748458862
8062.000173568726
8049.418394088745
7926.455926895142
7827.515260696411
7827.515260696411
7827.515260696411
7827.515260696411
7819.25209236145
7819.25209236145
7819.25209236145
7819.25209236145
7819.25209236145
7819.25209236145
7819.25209236145
7819.25209236145
7819.25209236145
7819.25209236145
7819.25209236145
7819.25209236145
7819.25209236145
7819.25209236145
7819.25209236145
7819.25209236145
7819.25209236145
7819.25209236145
7819.25209236145
7819.25209236145
7819.25209236145
7819.25209236145
7819.25209236145
