15472.868976593018
14026.442607879639
12506.090065002441
12073.908020019531
10687.797037124634
10177.23398399353
9604.442827224731
9558.82215309143
9458.778001785278
9320.389574050903
9127.88353919983
8904.643720626831
8460.559183120728
8459.625253677368
8444.249856948853
8068.813142776489
8053.7576694488525
8053.7576694488525
8042.667516708374
7949.84832572937
7883.544271469116
7883.544271469116
7883.544271469116
7872.508996963501
7872.508996963501
7872.508996963501
7872.508996963501
7842.782358169556
7833.483690261841
7798.765752792358
7798.765752792358
7798.765752792358
7798.765752792358
7793.240362167358
7793.240362167358
7793.240362167358
7793.240362167358
7793.240362167358
7793.240362167358
7793.240362167358
7793.240362167358
7793.240362167358
7793.240362167358
7793.240362167358
7793.240362167358
7793.240362167358
7793.240362167358
7793.240362167358
7793.240362167358
7793.240362167358
