15230.07917022705
14468.085247039795
13395.097043991089
11164.108772277832
10787.914182662964
10295.66575050354
10020.276487350464
9325.014600753784
9038.228105545044
9030.911737442017
9030.911737442017
9030.911737442017
9004.474573135376
8995.182680130005
8995.182680130005
8833.463159561157
8695.132410049438
8660.045000076294
8601.294778823853
8508.602628707886
8394.388013839722
8394.388013839722
8375.289457321167
8375.289457321167
8375.289457321167
8370.662649154663
8276.478963851929
8179.758207321167
8179.758207321167
8111.930837631226
8111.930837631226
7907.245901107788
7907.245901107788
7907.245901107788
7907.245901107788
7907.245901107788
7907.245901107788
7907.245901107788
7907.245901107788
7907.245901107788
7907.245901107788
7907.245901107788
7796.65528678894
7796.65528678894
7796.65528678894
7777.332311630249
7777.332311630249
7777.332311630249
7777.332311630249
7777.332311630249
