17689.01758956909
15155.548009872437
13602.755897521973
11506.668296813965
11079.752403259277
10495.24447631836
10400.228786468506
10212.582736968994
9864.465814590454
9834.504899978638
9646.019617080688
9568.045236587524
9500.960390090942
9500.960390090942
9495.408246994019
9379.970869064331
9278.71743965149
9273.19204902649
9199.474969863892
9199.474969863892
9199.474969863892
9001.984609603882
9001.984609603882
8952.492681503296
8952.492681503296
8952.492681503296
8889.514043807983
8774.107339859009
8710.499834060669
8630.78415107727
8542.42857170105
8540.446271896362
8489.256113052368
8413.689874649048
8218.56784248352
8218.56784248352
8218.56784248352
8218.56784248352
8139.671762466431
8139.671762466431
8139.671762466431
8139.671762466431
8135.510129928589
8135.510129928589
8135.510129928589
8128.43504524231
8128.43504524231
8128.43504524231
8126.325563430786
8126.325563430786
