16185.515144348145
13824.430767059326
12075.561655044556
11380.03127861023
10323.420597076416
10007.98913192749
9989.426090240479
9903.884197235107
9884.655206680298
9726.484251022339
9392.692024230957
9163.002006530762
9087.38122177124
9019.109159469604
8991.065279006958
8892.07588005066
8892.07588005066
8853.714994430542
8617.274137496948
8602.207105636597
8592.132398605347
8592.132398605347
8591.543859481812
8550.705541610718
8485.027826309204
8344.276090621948
8272.612112045288
8255.521390914917
8255.521390914917
8255.521390914917
8255.521390914917
8255.521390914917
8255.521390914917
8255.521390914917
8255.521390914917
8255.521390914917
8255.521390914917
8222.695554733276
8169.95005607605
8168.492353439331
8168.492353439331
8168.492353439331
8146.987981796265
8146.987981796265
8146.987981796265
8146.987981796265
8146.987981796265
8146.987981796265
8146.987981796265
8146.987981796265
