15455.040420532227
14214.243789672852
13264.874839782715
12395.549541473389
10954.652032852173
10685.021446228027
10582.428405761719
10265.288988113403
10202.864624023438
9623.610443115234
9616.114196777344
9440.301040649414
9247.68134689331
9028.684062957764
8879.199794769287
8879.199794769287
8741.867370605469
8651.470924377441
8600.819328308105
8600.819328308105
8583.114711761475
8438.61054611206
8416.143627166748
8362.497079849243
8287.709894180298
8287.709894180298
8238.441904067993
8238.441904067993
8172.104043960571
8172.104043960571
8172.104043960571
8164.37921333313
8164.37921333313
8123.540895462036
8123.540895462036
8123.540895462036
8123.540895462036
8123.540895462036
8123.540895462036
8123.540895462036
8123.540895462036
8123.540895462036
8123.540895462036
8123.540895462036
8123.540895462036
8123.540895462036
8123.540895462036
8123.540895462036
8123.540895462036
8123.540895462036
