14824.435161590576
12703.028272628784
11205.416078567505
10776.389650344849
10478.444612503052
10318.260381698608
9699.136014938354
9377.480531692505
9377.480531692505
9377.480531692505
9042.356622695923
8977.01210975647
8940.960107803345
8771.966394424438
8730.324853897095
8597.88984489441
8503.580877304077
8388.299482345581
8207.38870048523
7968.130010604858
7954.488809585571
7921.662973403931
7921.662973403931
7865.572549819946
7865.572549819946
7843.105630874634
7843.105630874634
7842.809335708618
7842.809335708618
7842.809335708618
7842.809335708618
7842.809335708618
7842.809335708618
7842.809335708618
7842.809335708618
7842.809335708618
7842.809335708618
7842.809335708618
7842.809335708618
7842.809335708618
7842.809335708618
7842.809335708618
7821.304964065552
7821.304964065552
7821.304964065552
7821.304964065552
7821.304964065552
7821.304964065552
7821.304964065552
7821.304964065552
