15476.989608764648
12502.71635055542
11102.785015106201
9798.670269012451
9503.076162338257
9452.815830230713
9167.91189956665
8893.73350906372
8563.030517578125
8511.424825668335
8461.416624069214
8439.830884933472
8439.830884933472
8187.536100387573
8187.536100387573
8187.536100387573
8117.957448959351
8100.486288070679
8100.486288070679
8060.820501327515
8020.840017318726
8020.840017318726
7943.161931991577
7943.161931991577
7943.161931991577
7943.161931991577
7943.161931991577
7943.161931991577
7943.161931991577
7943.161931991577
7943.161931991577
7943.161931991577
7943.161931991577
7943.161931991577
7888.958730697632
7888.958730697632
7888.958730697632
7888.958730697632
7888.958730697632
7888.958730697632
7888.958730697632
7888.958730697632
7888.958730697632
7888.958730697632
7880.378774642944
7880.378774642944
7880.378774642944
7880.378774642944
7880.378774642944
7880.378774642944
