17408.58455657959
15924.217765808105
14354.538387298584
12808.135303497314
11353.702350616455
10986.222644805908
10557.533346176147
10038.697038650513
9903.42239189148
9646.645383834839
9493.382139205933
9315.343996047974
8846.433183670044
8632.222024917603
8606.723188400269
8606.723188400269
8600.040002822876
8550.288549423218
8550.288549423218
8527.821630477905
8527.821630477905
8438.72822380066
8438.72822380066
8402.633306503296
8402.633306503296
8402.633306503296
8351.876195907593
8351.876195907593
8351.876195907593
8351.876195907593
8351.876195907593
8351.876195907593
8351.876195907593
8351.876195907593
8351.876195907593
8351.876195907593
8351.876195907593
8351.876195907593
8351.876195907593
8351.876195907593
8351.876195907593
8351.876195907593
8351.876195907593
8351.876195907593
8351.876195907593
8351.876195907593
8351.876195907593
8351.876195907593
8351.876195907593
8351.876195907593
