16931.73892211914
14531.153442382812
13003.912700653076
12451.37515258789
12311.800365447998
11942.915348052979
11729.933269500732
11051.089069366455
10261.822645187378
9955.850141525269
9885.658353805542
9630.664865493774
9387.62448310852
9288.356706619263
9288.060411453247
9143.136974334717
8935.272045135498
8897.953426361084
8858.487131118774
8827.669095993042
8793.859350204468
8709.946367263794
8652.276048660278
8652.276048660278
8652.276048660278
8652.276048660278
8652.276048660278
8646.59350013733
8646.59350013733
8646.59350013733
8646.59350013733
8434.685426712036
8122.132692337036
8122.132692337036
8122.132692337036
8122.132692337036
8122.132692337036
8122.132692337036
8122.132692337036
8122.132692337036
8122.132692337036
8122.132692337036
8122.132692337036
8122.132692337036
8122.132692337036
8122.132692337036
8117.417840957642
8117.417840957642
8041.552644729614
8041.552644729614
