16660.22891998291
15403.937664031982
13258.328525543213
12012.261074066162
11563.503534317017
11148.14670753479
10870.554639816284
10573.875383377075
10573.875383377075
10460.761392593384
9617.563356399536
9617.563356399536
9444.210680007935
9404.641237258911
9400.496858596802
9242.500410079956
9230.197225570679
9099.749914169312
8863.75270652771
8858.11505317688
8714.756488800049
8671.866703033447
8671.866703033447
8514.608318328857
8424.055088043213
8423.931102752686
8423.931102752686
8423.931102752686
8418.133144378662
8367.360080718994
8353.041414260864
8338.965700149536
8271.243719100952
8271.243719100952
8271.243719100952
8252.120523452759
8199.101819992065
7941.830335617065
7941.830335617065
7941.830335617065
7941.830335617065
7941.830335617065
7941.830335617065
7941.830335617065
7930.9190464019775
7930.9190464019775
7930.9190464019775
7911.596071243286
7911.596071243286
7911.596071243286
