16153.372703552246
14491.628524780273
13562.892272949219
12146.925834655762
10695.528030395508
10463.356063842773
10218.346126556396
10134.273969650269
10115.771661758423
9905.732954025269
9765.42367362976
9627.897954940796
9291.172637939453
9198.970108032227
8892.481035232544
8724.369356155396
8716.544366836548
8567.529111862183
8532.3343334198
8480.523347854614
8480.523347854614
8480.523347854614
8445.805410385132
8151.699590682983
8151.699590682983
8151.699590682983
8151.699590682983
8151.699590682983
8150.241888046265
8150.241888046265
8128.737516403198
8128.737516403198
8115.3606815338135
8115.3606815338135
8115.3606815338135
8115.3606815338135
8115.3606815338135
8115.3606815338135
8115.3606815338135
8115.3606815338135
8115.3606815338135
8115.3606815338135
8115.3606815338135
8115.3606815338135
8115.3606815338135
8115.3606815338135
8115.3606815338135
8115.3606815338135
8115.3606815338135
8068.193033218384
