16188.901756286621
14186.584873199463
13317.079113006592
11807.415115356445
11580.088851928711
11422.382972717285
11309.25968170166
11081.267501831055
10963.423131942749
10853.734754562378
10742.892618179321
10226.513818740845
9973.83091545105
9856.388628005981
9659.781923294067
9510.5816822052
9348.607683181763
9313.382112503052
9304.506875991821
8888.48362159729
8888.48362159729
8779.219873428345
8779.219873428345
8779.219873428345
8779.161165237427
8745.215267181396
8650.245807647705
8606.568799972534
8586.428701400757
8567.119527816772
8567.119527816772
8567.119527816772
8567.119527816772
8567.119527816772
8567.119527816772
8555.758916854858
8528.655157089233
8528.655157089233
8528.655157089233
8519.356489181519
8519.356489181519
8457.449407577515
8457.449407577515
8354.470380783081
8354.470380783081
8354.470380783081
8354.470380783081
8354.470380783081
8354.470380783081
8228.80510520935
