15806.434314727783
13058.918720245361
12770.117446899414
12361.487253189087
11677.08864402771
11024.499265670776
10701.484838485718
10595.092519760132
10592.519521713257
10445.995820999146
9993.23773765564
9885.549619674683
9756.458042144775
9612.670143127441
9553.023933410645
9483.799674987793
9475.01999282837
9283.066024780273
9228.110679626465
9228.110679626465
9125.551696777344
8953.580665588379
8943.505958557129
8943.505958557129
8875.995094299316
8832.190788269043
8825.695960998535
8735.263313293457
8720.944646835327
8580.364377975464
8580.364377975464
8364.112310409546
8364.112310409546
8364.112310409546
8364.112310409546
8364.112310409546
8326.941774368286
8326.941774368286
8315.90649986267
8315.90649986267
8315.90649986267
8315.90649986267
8315.90649986267
8315.90649986267
8315.90649986267
8315.90649986267
8315.90649986267
8315.90649986267
8315.90649986267
8315.90649986267
