17021.436939239502
14875.629848480225
13183.17472076416
11115.39656829834
10254.558469772339
9708.021364212036
9600.436456680298
9547.818536758423
9346.591876983643
9169.469066619873
9028.23342514038
8950.88786315918
8950.88786315918
8936.339401245117
8783.77795791626
8783.77795791626
8782.726392745972
8782.726392745972
8709.8837184906
8560.590566635132
8501.369909286499
8501.369909286499
8482.94850730896
8482.94850730896
8425.278188705444
8425.278188705444
8425.278188705444
8425.278188705444
8425.278188705444
8349.412992477417
8349.412992477417
8349.412992477417
8349.412992477417
8349.412992477417
8349.412992477417
8196.942502975464
8196.942502975464
8196.942502975464
8196.942502975464
8196.942502975464
8196.942502975464
8196.942502975464
8196.942502975464
8196.942502975464
8196.942502975464
8196.942502975464
8196.942502975464
8196.942502975464
8196.942502975464
8196.942502975464
