15887.513038635254
14434.546524047852
12726.840175628662
11565.264911651611
11372.504276275635
10938.92420578003
10742.342445373535
10241.329788208008
10000.84750366211
9752.996667861938
9752.996667861938
9572.225662231445
9313.518207550049
9248.326236724854
9202.168952941895
9142.778690338135
9066.913494110107
9056.640239715576
9056.640239715576
9018.482467651367
8899.760795593262
8899.760795593262
8864.781772613525
8831.357769012451
8713.879657745361
8638.014461517334
8565.488292694092
8565.488292694092
8543.02137374878
8534.76329421997
8534.76329421997
8534.76329421997
8534.76329421997
8534.76329421997
8523.476266860962
8523.476266860962
8506.484432220459
8506.484432220459
8506.484432220459
8506.484432220459
8506.484432220459
8506.484432220459
8506.484432220459
8506.484432220459
8506.484432220459
8506.484432220459
8506.484432220459
8506.484432220459
8506.484432220459
8506.484432220459
