17341.987537384033
14395.981061935425
11571.799188613892
11477.139642715454
10706.248903274536
10559.806299209595
10197.340845108032
10197.340845108032
10130.576845169067
9988.464281082153
9721.579689025879
9613.77931022644
9507.060461044312
9353.283124923706
9299.207502365112
9292.598749160767
9262.817819595337
9233.655954360962
9071.094484329224
8969.64402961731
8969.64402961731
8969.64402961731
8895.727113723755
8872.345468521118
8869.112833023071
8869.112833023071
8869.112833023071
8869.112833023071
8869.112833023071
8869.112833023071
8770.999925613403
8770.999925613403
8733.741746902466
8733.741746902466
8733.741746902466
8713.580484390259
8713.580484390259
8713.580484390259
8713.580484390259
8713.580484390259
8713.580484390259
8713.580484390259
8713.580484390259
8713.580484390259
8713.580484390259
8713.580484390259
8541.923044204712
8541.923044204712
8541.923044204712
8541.923044204712
