14905.22770690918
13735.435794830322
13096.933052062988
12768.478477478027
11745.96282196045
10984.158187866211
10377.105396270752
10009.503471374512
9983.244384765625
9868.192749023438
9683.09228515625
9334.01669883728
9311.564443588257
9103.388387680054
9103.388387680054
8943.92784690857
8910.666875839233
8910.370580673218
8910.370580673218
8905.7701587677
8905.7701587677
8706.207445144653
8693.62751197815
8693.62751197815
8614.016130447388
8588.553564071655
8588.553564071655
8542.87346458435
8484.695806503296
8410.622606277466
8406.076105117798
8406.076105117798
8406.076105117798
8380.436655044556
8359.32809638977
8359.32809638977
8359.32809638977
8359.32809638977
8359.32809638977
8359.32809638977
8359.32809638977
8359.32809638977
8359.32809638977
8359.05337715149
8333.956941604614
8333.956941604614
8171.220476150513
8171.220476150513
8146.79115486145
8075.12717628479
