15281.153980255127
13363.757541656494
13090.014404296875
12757.692707061768
12703.068187713623
12146.523296356201
11800.60835647583
11634.659381866455
11399.175924301147
11136.597476959229
10996.895908355713
10665.545154571533
10377.573780059814
10281.815042495728
10196.703397750854
10030.640947341919
10027.908395767212
10027.908395767212
10027.908395767212
9883.9293384552
9761.327215194702
9680.942888259888
9680.942888259888
9571.89146232605
9545.682523727417
9391.629219055176
9391.629219055176
9157.67830657959
9157.67830657959
9120.679748535156
8864.293937683105
8726.12187576294
8690.005725860596
8644.446264266968
8598.345872879028
8598.345872879028
8598.345872879028
8567.15719795227
8567.15719795227
8567.15719795227
8567.15719795227
8418.038743972778
8418.038743972778
8418.038743972778
8412.513353347778
8412.513353347778
8412.513353347778
8412.513353347778
8412.513353347778
8412.513353347778
